0000000000000000
0000000000000000
2000000000000000
20000a0000000000
2000000000000000
0000000000000000
00000c0000000000
0000000000000000
0000070000000000
0000000000000000
0200000000000000
02000c0000000000
0200000000000000
02000e0000000000
0200000000000000
02001c0000000000
0200000000000000
0000000000000000
0200000000000000
02002f0000000000
0200000000000000
0000000000000000
0200000000000000
0200360000000000
0200000000000000
0000000000000000
00000d0000000000
0000000000000000
0000270000000000
0000000000000000
0200000000000000
02002d0000000000
0200000000000000
0000000000000000
0000130000000000
0000000000000000
00001e0000000000
0000000000000000
2000000000000000
2000190000000000
2000000000000000
0000000000000000
0000200000000000
0000000000000000
0200000000000000
0200330000000000
0200000000000000
02002d0000000000
0200000000000000
0000000000000000
00001b0000000000
0000000000000000
0000360000000000
0000000000000000
0000200000000000
0000000000000000
0200000000000000
0200120000000000
0200000000000000
0000000000000000
0000240000000000
0000000000000000
2000000000000000
2000170000000000
2000000000000000
0000000000000000
0200000000000000
02002d0000000000
0200000000000000
0000000000000000
0000210000000000
0000000000000000
0200000000000000
02000f0000000000
0200000000000000
0200170000000000
0200000000000000
0000000000000000
0000360000000000
0000000000000000
0000210000000000
0000000000000000
0000170000000000
0000000000000000
0000220000000000
0000000000000000
0200000000000000
0200300000000000
0200000000000000
0000000000000000
