0 4 B 6 1 4 1 5 0 4 1 3 0 4 0 7 0 9 0 7 1 7 1 6 0 3 0 9 1 7 0 9 1 8 0 6 0 6 1 6 1 6 0 3 0 4 1 4 0 2
0 4 0 3 1 4 1 7 0 4 0 3 0 6 0 9 0 6 0 2 1 8 1 7 0 9 0 4 1 3 0 3 0 3 0 7 1 8 1 5 0 3 0 4 1 7 1 2 0 9
1 7 1 2 1 3 1 7 0 7 1 9 1 6 0 4 1 8 0 4 0 2 1 8 1 7 0 6 0 8 0 5 0 4 1 5 1 4 0 6 0 9 0 5 1 9 0 2 1 4
1 8 1 3 0 4 0 7 1 6 1 4 0 7 1 6 1 6 1 2 0 5 1 2 0 9 0 8 0 7 1 8 1 5 0 8 0 3 1 2 0 4 1 4 0 6 1 4 1 5
0 6 1 4 1 2 1 7 0 8 0 3 1 2 1 9 0 7 1 8 0 2 0 4 1 3 0 5 1 5 1 3 0 2 1 3 1 2 1 8 0 2 0 2 1 2 1 8 0 5
0 4 1 2 1 3 1 6 0 9 1 2 0 3 1 4 1 5 1 8 1 4 1 6 0 3 1 6 1 5 1 8 0 6 1 9 0 7 0 3 0 8 1 7 1 7 0 9 1 8
1 4 1 3 1 7 0 4 1 9 0 5 1 6 1 3 1 2 1 2 1 8 0 7 1 8 1 4 1 2 0 2 0 6 1 7 1 7 0 4 1 4 1 9 1 3 0 7 0 4
0 3 0 6 0 2 1 4 1 6 1 9 1 9 0 9 0 4 1 6 0 7 1 7 0 8 1 2 1 8 1 3 1 7 1 8 0 2 1 7 1 9 0 4 0 2 0 2 1 3
1 2 0 9 0 5 1 2 1 9 0 9 0 5 0 4 0 9 0 5 1 8 1 7 0 4 1 5 1 6 0 5 1 7 0 3 1 6 1 3 0 9 1 8 1 4 0 4 1 6 # 06:11
0 2 1 3 1 3 1 9 0 5 1 8 0 5 1 8 0 6 1 5 1 8 0 9 1 2 1 2 1 7 0 3 0 5 1 3 1 3 0 4 1 7 0 7 0 6 1 2 0 4 # 06:54
1 5 1 2 0 3 0 8 0 6 1 9 1 6 0 2 1 3 1 3 0 7 0 5 0 9 0 2 1 3 0 2 1 7 1 9 1 3 0 9 1 6 0 5 0 9 0 4 0 4 # 7:35
1 4 1 7 0 6 0 3 0 4 1 7 0 4 1 8 1 6 0 4 1 4 1 6 1 6 1 2 0 6 1 4 1 2 0 5 1 7 1 8 1 3 0 6 0 3 1 3 1 7
1 4 0 4 0 7 1 3 1 8 0 9 1 2 1 7 1 7 1 2 1 2 0 5 1 7
